
   *** Bell Statistics Summary
       ------------------------------------------------------------------------------------------------------------
         Bell Number:       1      2      3      4      5      6      7      8      9      0      E      T    
       ------------------------------------------------------------------------------------------------------------
         Mean Error: All     6.4    2.1    4.3   14.1    1.4   -1.8  -13.9   -0.2    2.4   -7.5   -3.7   -5.6 
                      Hs     4.8   -1.4    0.2   10.3   -8.8    5.3  -17.1    8.9   -3.1  -11.4    0.2    -22 
                      Bs     8.1    5.6    8.4     18   11.7   -8.9  -10.8   -9.3    7.9   -3.5   -7.6   10.9 
        
         Std  Error: All    21.3   21.7   22.9   28.9   26.8   25.8   26.7   28.5   20.9   21.2   21.7   26.4 
                      Hs    22.5     22   24.4   28.6   25.5   27.1   25.7   28.1   20.9   21.5     22   21.9 
                      Bs    19.9   20.8   20.6   28.8   24.2   22.3   27.4   25.9   19.5   20.2   20.9   19.5 
        
         Rms  Error: All    22.2   21.7   23.3   32.1   26.8   25.8   30.1   28.4     21   22.4     22     27 
                      Hs      23     22   24.3   30.3   26.9   27.5   30.8   29.4   21.1   24.3   21.9     31 
                      Bs    21.4   21.5   22.2   33.8   26.8     24   29.4   27.4   20.9   20.4   22.1   22.3 
       ------------------------------------------------------------------------------------------------------------
