# Created by Octave 5.2.0, Mon Oct 27 21:46:17 2025 GMT <unknown@LAPTOP-FVR05VDS>
# name: TouchDetails
# type: scalar struct
# ndims: 2
 1 1
# length: 20
# name: piSourcefilename
# type: sq_string
# elements: 1
# length: 100
C:\Users\matth\OneDrive\Documents\University\General\Ringing\12 Bell Practices\SS 271025\Touch 4.mp3


# name: piRingingdatetime
# type: sq_string
# elements: 1
# length: 13
20251027-2143


# name: piTower
# type: sq_string
# elements: 1
# length: 19
Bristol St Stephens


# name: piRingingname
# type: sq_string
# elements: 1
# length: 7
Touch 4


# name: piStdev
# type: scalar
28.955633032000549


# name: piStdevpercentStr
# type: sq_string
# elements: 1
# length: 4
15.4


# name: piStdevPct
# type: scalar
15.402501222273973


# name: piTouchlength
# type: scalar
255


# name: piPiecelength
# type: scalar
294


# name: piTouchDuration
# type: sq_string
# elements: 1
# length: 14
9 mins 58 secs


# name: piPieceDuration
# type: sq_string
# elements: 1
# length: 15
11 mins 30 secs


# name: piMethod
# type: sq_string
# elements: 1
# length: 15
Stedman Cinques


# name: piPealSpeed
# type: scalar struct
# ndims: 2
 1 1
# length: 2
# name: string
# type: sq_string
# elements: 1
# length: 13
3 hrs 17 mins


# name: numeric
# type: scalar
11827193.593941042




# name: piNBells
# type: scalar
12


# name: piRowsBadInPiece
# type: scalar
3


# name: piTouchFaults
# type: scalar struct
# ndims: 2
 1 1
# length: 2
# name: count
# type: scalar struct
# ndims: 2
 1 1
# length: 3
# name: hand
# type: scalar
169


# name: back
# type: scalar
145


# name: all
# type: scalar
314




# name: mean
# type: scalar struct
# ndims: 2
 1 1
# length: 3
# name: hand
# type: scalar
23.371389972853738


# name: back
# type: scalar
22.571567107155527


# name: all
# type: scalar
22.883820513817113






# name: piExpstring
# type: sq_string
# elements: 0


# name: piRungon
# type: string
# elements: 0


# name: piTenor
# type: sq_string
# elements: 1
# length: 2
12


# name: piNumBellsRinging
# type: sq_string
# elements: 1
# length: 2
12




