
   *** Bell Statistics Summary
       ------------------------------------------------------------------------------------------------------------
         Bell Number:       1      2      3      4      5      6      7      8      9      0      E      T    
       ------------------------------------------------------------------------------------------------------------
         Mean Error: All     6.8   -0.1    4.4     14    0.9   -4.1  -22.8  -12.3    4.8    0.1    1.2    3.9 
                      Hs     6.3    2.1    2.8   13.1   -4.4   -3.1  -25.4    -10   -1.6      1    1.7  -18.8 
                      Bs     7.2   -2.3    5.9   14.9    6.2   -5.1  -20.1  -14.7   11.2   -0.8    0.8   26.5 
        
         Std  Error: All    18.1   21.9   21.7   26.4   26.4   27.3   23.9   25.1   19.7   20.8   23.4   31.1 
                      Hs    18.7   24.6   23.3     28   26.1   31.6   23.9   25.9   19.2   22.1   25.8   22.6 
                      Bs    17.6   18.6   20.1   24.7   25.8   22.3   23.8     24   18.1   19.4   20.8   19.7 
        
         Rms  Error: All    19.3   21.8   22.1   29.8   26.4   27.6     33   27.9   20.2   20.7   23.4   31.2 
                      Hs    19.7   24.6   23.4   30.8   26.4   31.6   34.8   27.7   19.2   22.1   25.7   29.4 
                      Bs      19   18.7   20.8   28.8   26.4   22.8     31   28.1   21.3   19.3   20.8     33 
       ------------------------------------------------------------------------------------------------------------
