
   *** Bell Statistics Summary
       ------------------------------------------------------------------------------------------------------------
         Bell Number:       1      2      3      4      5      6      7      8      9      0      E      T    
       ------------------------------------------------------------------------------------------------------------
         Mean Error: All     2.2   -1.8    4.2   15.2    6.2   -6.6  -17.6  -11.4    3.6   -2.1   -6.2    8.3 
                      Hs     4.5   -1.5    3.3    8.2    3.5   -9.8  -18.3   -6.4   -1.8   -1.2   -4.1  -12.7 
                      Bs    -0.1   -2.1    5.1   22.2      9   -3.4    -17  -16.3    9.1   -2.9   -8.3   29.4 
        
         Std  Error: All    24.4   21.4   22.8     26   25.7   26.3   25.3   26.6   23.8   20.8   22.3   28.3 
                      Hs    23.4   23.3     25   24.8   28.5     27   24.3   28.5   24.9   22.3   23.1   19.6 
                      Bs    25.2   19.4   20.4   25.3   22.3   25.3   26.4   23.6   21.3   19.3   21.3   18.2 
        
         Rms  Error: All    24.4   21.4   23.1   30.1   26.4   27.1   30.8   28.9     24   20.9   23.1   29.4 
                      Hs    23.7   23.3   25.1     26   28.7   28.7   30.3   29.1   24.9   22.3   23.4   23.3 
                      Bs    25.1   19.5   20.9   33.6     24   25.5   31.3   28.6   23.1   19.5   22.8   34.5 
       ------------------------------------------------------------------------------------------------------------
