
   *** Bell Statistics Summary
       ------------------------------------------------------------------------------------------------------------
         Bell Number:       1      2      3      4      5      6      7      8      9      0      E      T    
       ------------------------------------------------------------------------------------------------------------
         Mean Error: All     3.8    0.4      5   10.5   -0.2    0.8    -16    0.4   -1.7     -1   -6.5    1.1 
                      Hs     2.8   -3.5    3.7    6.3   -5.4    3.3  -21.9    5.4   -3.7   -8.7   -1.8  -15.3 
                      Bs     4.8    4.4    6.3   14.8      5   -1.8  -10.1   -4.6    0.3    6.8  -11.2   17.6 
        
         Std  Error: All    21.3   23.2   26.2     28   24.8   26.2   23.6   27.3   21.9   21.1   19.2   28.7 
                      Hs      22   24.8   30.4   26.7   25.7     28   23.9   28.2     22   19.3   18.9   27.3 
                      Bs    20.5   20.8   21.2   28.7   22.8     24   21.9   25.5   21.6   20.1   18.3   19.1 
        
         Rms  Error: All    21.6   23.1   26.6   29.9   24.8   26.1   28.5   27.3   21.9   21.1   20.2   28.6 
                      Hs    22.1     25   30.5   27.4   26.2   28.1   32.3   28.7   22.2   21.2     19   31.2 
                      Bs      21   21.2     22   32.2   23.3     24     24   25.8   21.5   21.1   21.4   25.9 
       ------------------------------------------------------------------------------------------------------------
